33.49
33.49
33.49
33.49
33.5
33.5
33.5
33.5
33.47
33.47
33.47
33.47
33.49
33.49
33.49
33.49
33.5
33.5
33.5
33.5
33.49
33.49
33.49
33.49
33.5
33.5
33.5
33.5
33.5
33.5
33.5
33.5
33.5
33.5
33.5
33.5
33.5
33.5
33.5
33.5
33.5
33.5
33.5
33.5
33.49
33.49
33.49
33.49
33.47
33.47
33.47
33.47
33.49
33.49
33.49
33.49
33.47
33.47
33.47
33.47
33.49
33.49
33.49
33.49
33.49
33.49
33.49
33.49
33.49
33.49
33.49
33.49
33.49
33.49
33.49
33.49
33.49
33.49
33.49
33.49
33.49
33.49
33.49
33.49
33.5
33.5
33.5
33.5
33.53
33.53
33.53
33.53
33.53
33.53
33.53
33.53
33.47
33.47
33.47
33.47
33.5
33.5
33.5
33.5
33.49
33.49
33.49
33.49
33.5
33.5
33.5
33.5
33.47
33.47
33.47
33.47
33.47
33.47
33.47
33.47
